0.856585025787354,2000,102.728134155273,0.725570976734161,1956,106.923080444336,0.934593021869659,1986,118.461372375488,0.72773402929306,2002,112
0.87977397441864,1998,102.1220703125,0.731401026248932,1958,108.076919555664,0.952971994876862,1983,118.461372375488,0.754544019699097,2022,111.333335876465
0.807918012142181,1992,100.909950256348,0.824272990226746,1968,108.076919555664,0.8593909740448,1971,114.99983215332,0.744125008583069,1999,109.333335876465
0.80950802564621,1965,100.909950256348,0.967167019844055,1997,108.653846740723,0.85233199596405,1981,115.576759338379,0.733776986598969,1981,108
0.814661026000977,2003,103.334190368652,0.976365983486176,2001,108.076919555664,0.919638991355896,1990,118.461372375488,0.788192987442017,1988,109.333335876465
0.807205975055695,2004,102.1220703125,0.868517994880676,1999,106.923080444336,0.944553017616272,1987,118.461372375488,0.867658019065857,2015,110
0.794462978839874,2001,102.1220703125,0.750189006328583,1972,105.769233703613,0.834281980991364,1976,116.730598449707,0.767965018749237,1998,108.666664123535
0.756978988647461,1965,100.909950256348,0.720216989517212,1960,105.769233703613,0.841345012187958,1985,114.99983215332,0.74864798784256,1974,105.333335876465
0.805113017559052,1962,101.516006469727,0.723306000232697,1961,105.192306518555,0.894720017910004,1994,117.307525634766,0.790208995342255,1993,108.666664123535
0.870351016521454,1992,105.152374267578,0.749602019786835,1964,106.923080444336,0.925153017044067,2007,117.88444519043,0.812624990940094,2011,109.333335876465
0.907067000865936,1997,102.728134155273,0.898841977119446,1979,108.076919555664,0.856360971927643,2005,116.153678894043,0.767596006393433,1990,107.333335876465
0.856359004974365,2001,102.1220703125,0.995894014835358,2016,109.230766296387,0.838521003723145,1986,114.422912597656,0.763822019100189,1974,106
0.82277899980545,1972,100.909950256348,0.981657981872559,2021,108.653846740723,0.849375009536743,1989,116.153678894043,0.85699999332428,1989,108.666664123535
0.84384697675705,1997,102.1220703125,0.796042025089264,1992,107.5,0.930379986763,1992,116.730598449707,0.841252982616425,2007,109.333335876465
0.875320971012115,2002,101.516006469727,0.731802999973297,1956,106.346153259277,0.941407978534698,1989,119.038291931152,0.825505018234253,1979,106
0.812541007995605,1990,101.516006469727,0.732667028903961,1961,106.923080444336,0.843910992145538,1971,114.99983215332,0.809758007526398,1968,105.333335876465
0.77190899848938,1968,102.728134155273,0.758056998252869,1968,107.5,0.853121995925903,1969,115.576759338379,0.794010996818542,1997,107.333335876465
0.851577997207642,1986,101.516006469727,0.896224021911621,1986,109.230766296387,0.923117995262146,1974,116.730598449707,0.756075024604797,2006,108.666664123535
0.86489599943161,2013,103.940254211426,1.02702605724335,2015,110.384613037109,0.903657019138336,1975,117.307525634766,0.728519022464752,1971,105.333335876465
0.831672012805939,2013,103.334190368652,0.989170014858246,2018,110.384613037109,0.831834018230438,1959,116.153678894043,0.716122984886169,1961,108
0.781032025814056,1973,102.1220703125,0.848846018314362,2012,109.807693481445,0.827848017215729,1967,114.99983215332,0.74796998500824,1984,108
0.790132999420166,1965,103.334190368652,0.763539016246796,1968,107.5,0.844740986824036,1974,116.153678894043,0.784408986568451,2002,109.333335876465
0.836188018321991,1996,103.940254211426,0.743772983551025,1959,107.5,0.89519602060318,1983,117.307525634766,0.762857973575592,1982,109.333335876465
0.869979023933411,2002,105.152374267578,0.755819976329803,1968,108.076919555664,0.896201014518738,1986,117.88444519043,0.792317986488342,1969,110
0.837589025497437,1993,103.940254211426,0.804045021533966,1968,109.230766296387,0.848644018173218,1976,116.730598449707,0.863277971744537,2001,110.666664123535
0.797426998615265,1979,105.152374267578,0.95093697309494,1989,110.961540222168,0.859493017196655,1973,115.576759338379,0.824958026409149,2006,110.666664123535
0.852326989173889,1991,104.546310424805,0.975974023342133,2004,111.538459777832,0.946663975715637,1978,117.307525634766,0.767039000988007,1970,107.333335876465
0.938111007213593,2016,105.152374267578,0.91289097070694,2005,109.807693481445,0.969442009925842,1985,118.461372375488,0.753139019012451,1962,108
0.938700973987579,2011,103.334190368652,0.764119982719421,1975,108.653846740723,0.889214992523193,1979,116.730598449707,0.8108149766922,1998,108.666664123535
0.887727022171021,2004,103.334190368652,0.724986970424652,1960,107.5,0.838970005512238,1964,113.845985412598,0.80110102891922,2009,110
0.779694020748138,1984,101.516006469727,0.724322974681854,1966,109.230766296387,0.863170981407166,1972,115.576759338379,0.76357102394104,1983,108
0.756735026836395,1959,101.516006469727,0.759855985641479,1972,109.807693481445,0.883808016777039,1986,117.307525634766,0.779393017292023,1973,110
0.781020998954773,1992,102.728134155273,0.847352027893066,1988,111.538459777832,0.864910006523132,1983,117.307525634766,0.847640991210938,1992,110
0.802631974220276,2012,103.334190368652,0.99916398525238,2011,113.269233703613,0.840883016586304,1967,114.422912597656,0.829506993293762,2010,111.333335876465
0.814402997493744,2014,104.546310424805,0.980199992656708,2017,112.115386962891,0.839703023433685,1975,116.153678894043,0.811372995376587,1985,109.333335876465
0.747560024261475,1973,102.728134155273,0.788096010684967,1980,109.230766296387,0.927462995052338,1988,118.461372375488,0.793238997459412,1975,106.666664123535
0.747299015522003,1952,103.940254211426,0.747627019882202,1970,109.230766296387,0.942689001560211,1990,118.461372375488,0.775104999542236,2000,110
0.817948997020721,1985,104.546310424805,0.741357982158661,1973,109.807693481445,0.861218988895416,1983,116.153678894043,0.788254022598267,2019,110
0.901907026767731,2003,106.36449432373,0.773958027362823,1972,110.384613037109,0.876052021980286,1984,116.730598449707,0.751263022422791,1991,108.666664123535
0.842181980609894,2013,104.546310424805,0.837619006633759,1985,112.692306518555,0.915766000747681,1995,117.88444519043,0.743790984153748,1986,109.333335876465
0.760469019412994,1997,103.334190368652,0.94703197479248,2007,113.846153259277,0.912939012050629,1992,117.307525634766,0.781633973121643,2003,110.666664123535
0.6943079829216,1989,104.546310424805,0.92502099275589,2010,112.115386962891,0.859112024307251,1990,116.730598449707,0.802658975124359,2022,113.333335876465
0.685761988162994,2015,104.546310424805,0.794538974761963,1983,110.961540222168,0.823386013507843,1985,114.99983215332,0.769218027591705,2023,112.666664123535
0.723119974136353,2015,103.940254211426,0.733901023864746,1967,109.230766296387,0.845493972301483,1997,116.730598449707,0.747246980667114,1993,110
0.786921977996826,2009,105.758438110352,0.73157399892807,1975,109.807693481445,0.891932010650635,2009,118.461372375488,0.763786971569061,2004,111.333335876465
0.86898797750473,1976,106.36449432373,0.744570016860962,1991,111.538459777832,0.886050999164581,2005,117.307525634766,0.779991984367371,2033,113.333335876465
0.931922018527985,2012,106.36449432373,0.815088987350464,1998,112.115386962891,0.821779012680054,1999,116.730598449707,0.748929023742676,2015,111.333335876465
0.968210995197296,2015,105.152374267578,0.968968987464905,2022,113.269233703613,0.836669981479645,2001,116.730598449707,0.744424998760223,1992,110
0.931665003299713,2016,103.940254211426,0.946712970733643,2027,112.692306518555,0.867093026638031,2002,117.88444519043,0.767746984958649,1999,110.666664123535
0.807430982589722,1998,102.1220703125,0.820972979068756,2025,111.538459777832,0.891663014888763,2003,119.038291931152,0.795741975307465,2021,112
0.80615097284317,1973,102.728134155273,0.752032995223999,1989,110.961540222168,0.879953980445862,1992,118.461372375488,0.766726970672607,2024,112.666664123535
0.821758985519409,2005,103.334190368652,0.73921000957489,1982,110.384613037109,0.840501010417938,1981,116.730598449707,0.748637020587921,1989,110.666664123535
0.840595006942749,2008,104.546310424805,0.740199983119965,1983,113.269233703613,0.832134008407593,1990,117.307525634766,0.779070973396301,2000,111.333335876465
0.891029000282288,2012,105.152374267578,0.778990983963013,1982,113.269233703613,0.882932007312775,1999,119.038291931152,0.789837002754211,2023,112
0.792154014110565,2014,103.334190368652,0.884144008159637,2002,113.846153259277,0.860810995101929,1994,118.461372375488,0.762709021568298,2021,110.666664123535
0.793443024158478,1991,102.1220703125,0.897073984146118,2023,114.423080444336,0.811129987239838,1981,117.307525634766,0.732300996780396,1990,109.333335876465
0.867043972015381,2014,105.152374267578,0.862733006477356,2019,113.269233703613,0.813553988933563,1982,117.307525634766,0.724892973899841,1981,109.333335876465
0.931631982326508,2017,105.152374267578,0.769612014293671,1992,110.384613037109,0.859694004058838,1992,117.88444519043,0.756725013256073,2003,110.666664123535
0.950138986110687,2010,103.940254211426,0.744499981403351,1978,110.961540222168,0.918973982334137,1997,119.615219116211,0.765816986560822,2010,111.333335876465
0.826480984687805,1997,104.546310424805,0.758692979812622,1978,112.692306518555,0.907961010932922,1989,118.461372375488,0.705047011375427,2006,111.333335876465
0.870181024074554,1986,103.940254211426,0.79694002866745,1985,112.115386962891,0.849191009998322,1982,115.576759338379,0.667613983154297,1999,110
0.903486013412476,2025,105.152374267578,0.883961021900177,1998,113.846153259277,0.86980801820755,1990,117.88444519043,0.672973990440369,1979,108
0.932546019554138,2027,105.152374267578,0.911634027957916,2017,113.269233703613,0.9252570271492,2001,117.88444519043,0.68443900346756,1973,108.666664123535
0.876959025859833,2023,104.546310424805,0.923523008823395,2006,112.692306518555,0.927087008953094,1993,117.307525634766,0.738516986370087,1980,110
0.782891988754272,2008,103.334190368652,0.816433012485504,1992,111.538459777832,0.862064003944397,1983,116.730598449707,0.803819000720978,2005,112
0.765606999397278,1973,103.334190368652,0.754832029342651,1956,110.384613037109,0.842100977897644,1975,114.99983215332,0.782990992069244,2018,110
0.824388027191162,2000,104.546310424805,0.728184998035431,1947,111.538459777832,0.845822989940643,1988,116.153678894043,0.762163996696472,2025,109.333335876465
0.955980002880096,2010,105.152374267578,0.733991026878357,1951,111.538459777832,0.910245001316071,1997,117.307525634766,0.741335988044739,1986,104.666664123535
0.949892997741699,2018,106.36449432373,0.829011023044586,1965,112.115386962891,0.88468199968338,1984,117.307525634766,0.720507979393005,1976,103.333335876465
0.809913992881775,1983,103.940254211426,0.880532026290894,1992,113.269233703613,0.816291987895966,1979,117.307525634766,0.735835015773773,1981,105.333335876465
0.855452001094818,1997,104.546310424805,0.916405975818634,1994,113.269233703613,0.804472982883453,1980,116.730598449707,0.760747015476227,2005,108
0.933903992176056,2019,105.758438110352,0.847613990306854,1994,112.115386962891,0.822377979755402,1986,116.153678894043,0.747398972511292,1997,106.666664123535
0.831736028194427,2005,104.546310424805,0.765622973442078,1970,110.384613037109,0.774537980556488,1999,117.307525634766,0.728734016418457,1971,108
0.824087023735046,1974,103.940254211426,0.731157004833221,1959,111.538459777832,0.799229979515076,2005,117.88444519043,0.743728995323181,1971,108
0.87984299659729,2006,105.152374267578,0.731741011142731,1962,112.115386962891,1.03569900989532,2012,120.769065856934,0.783091008663177,1999,110
0.894253015518188,2032,105.758438110352,0.771511971950531,1965,112.115386962891,1.01558399200439,1994,119.615219116211,0.783963978290558,2007,109.333335876465
0.802486002445221,2013,104.546310424805,0.920642971992493,1987,114.423080444336,0.816751003265381,1976,114.99983215332,0.751911997795105,1975,106.666664123535
0.841174006462097,1995,104.546310424805,0.988029003143311,2015,115.576919555664,0.791122019290924,1983,115.576759338379,0.775448977947235,1967,108
0.90508097410202,2021,105.758438110352,0.94948798418045,2016,113.269233703613,1.0291999578476,1992,117.88444519043,0.807900011539459,1996,111.333335876465
0.849417984485626,2007,105.758438110352,0.789992988109589,1988,110.384613037109,1.04723405838013,1981,119.038291931152,0.805563986301422,2003,110.666664123535
0.827116012573242,1968,102.728134155273,0.741586983203888,1975,112.115386962891,0.838928997516632,1968,115.576759338379,0.747047007083893,1976,108
0.868555009365082,1999,105.758438110352,0.738897979259491,1975,110.961540222168,0.777853012084961,1975,114.422912597656,0.748731017112732,1968,108.666664123535
0.927769005298615,2010,105.152374267578,0.757139027118683,1981,111.538459777832,0.889545977115631,1988,116.153678894043,0.783903002738953,2002,110.666664123535
0.869168996810913,1994,102.728134155273,0.847353994846344,1986,113.269233703613,1.10515201091766,1983,118.461372375488,0.767902016639709,2010,110.666664123535
0.890098989009857,1981,104.546310424805,0.992626011371613,2011,113.269233703613,0.889263987541199,1977,117.88444519043,0.740890026092529,1976,108.666664123535
0.885501027107239,1998,102.728134155273,0.96389901638031,2020,113.846153259277,0.803781986236572,1984,116.153678894043,0.75100302696228,1970,110
0.807175993919373,1984,102.1220703125,0.807868003845215,2007,110.961540222168,0.8264120221138,1991,116.730598449707,0.803902983665466,2003,111.333335876465
0.771200001239777,1954,102.1220703125,0.751120984554291,1979,109.807693481445,1.04829502105713,1998,119.038291931152,0.827498972415924,2012,112
0.796167016029358,1970,102.728134155273,0.727720975875854,1977,110.961540222168,0.988570988178253,1982,119.038291931152,0.756983995437622,1984,110.666664123535
0.849407970905304,1996,103.334190368652,0.736334025859833,1980,110.961540222168,0.808884978294373,1971,114.99983215332,0.75101500749588,1975,109.333335876465
0.859266996383667,1995,103.940254211426,0.768356025218964,1982,111.538459777832,0.802951991558075,1979,116.730598449707,0.783191978931427,2001,111.333335876465
0.796332001686096,1960,103.940254211426,0.914619028568268,1985,112.692306518555,0.983076989650726,1999,119.038291931152,0.761411011219025,2026,111.333335876465
0.835922002792358,1971,104.546310424805,0.972800016403198,2004,113.269233703613,0.997720003128052,2001,120.769065856934,0.743391990661621,1994,109.333335876465
0.887548983097076,1997,103.940254211426,0.913307011127472,2004,113.269233703613,0.811984002590179,1995,116.730598449707,0.716961026191711,1981,110
0.89697402715683,2000,104.546310424805,0.774725019931793,1977,111.538459777832,0.770986020565033,1987,116.730598449707,0.740513980388641,2004,110.666664123535
0.814130008220673,1994,102.728134155273,0.736023008823395,1973,109.807693481445,0.864637017250061,1991,117.88444519043,0.766519010066986,2027,113.333335876465
0.807874023914337,1968,102.728134155273,0.744144976139069,1974,110.384613037109,1.03114604949951,1996,121.345985412598,0.745473980903625,2010,111.333335876465
0.864593029022217,1998,104.546310424805,0.796562016010284,1976,110.384613037109,1.00845897197723,1988,120.192138671875,0.734942018985748,1995,112
0.896844983100891,2005,103.940254211426,0.983891010284424,1998,112.692306518555,0.808925986289978,1979,117.307525634766,0.76766699552536,2008,111.333335876465
0.826488018035889,1992,103.334190368652,0.983991980552673,2012,113.269233703613,0.796525001525879,1986,118.461372375488,0.780202984809875,2020,112
0.80178701877594,1967,102.728134155273,0.864124000072479,2012,112.115386962891,0.947668015956879,1995,120.192138671875,0.765182971954346,2005,111.333335876465
0.847536027431488,1997,105.758438110352,0.771622002124786,1964,109.230766296387,0.970611989498138,1990,121.345985412598,0.751311004161835,1978,111.333335876465
0.87677800655365,2005,104.546310424805,0.735696017742157,1952,109.230766296387,0.816632986068726,1984,118.461372375488,0.792118012905121,1987,111.333335876465
0.790720999240875,1988,102.728134155273,0.725130021572113,1953,110.961540222168,0.776112973690033,1988,118.461372375488,0.799278974533081,2001,112.666664123535
0.844111979007721,1992,102.1220703125,0.768083989620209,1958,110.961540222168,0.887785971164703,1996,120.192138671875,0.763764977455139,1991,112
0.845009028911591,2017,103.940254211426,0.81531697511673,1987,111.538459777832,1.05571401119232,1993,121.345985412598,0.740706026554108,1968,110
0.803104996681213,2004,103.334190368652,0.796280980110168,2005,112.115386962891,0.879396975040436,1981,120.192138671875,0.767513990402222,1972,110
0.815249979496002,1977,102.728134155273,0.763211011886597,2002,112.115386962891,0.790087997913361,1980,117.307525634766,0.781356990337372,1991,112.666664123535
0.837365984916687,2004,103.940254211426,0.684997975826263,1997,112.115386962891,0.782109022140503,1986,118.461372375488,0.767957985401154,1987,110
0.901975989341736,2012,103.940254211426,0.670835018157959,1961,109.807693481445,0.871670007705688,1992,119.615219116211,0.744304001331329,1959,108.666664123535
0.835017025470734,2006,103.334190368652,0.665865004062653,1951,110.384613037109,1.08078801631927,1995,121.345985412598,0.738321006298065,1955,109.333335876465
0.836826980113983,1983,102.728134155273,0.682520985603333,1958,111.538459777832,0.872514009475708,1978,119.038291931152,0.749139010906219,1977,112
0.909693002700806,2016,104.546310424805,0.715870022773743,1969,112.115386962891,0.80088597536087,1984,118.461372375488,0.758454978466034,1999,110.666664123535
0.946566998958588,2020,104.546310424805,0.848587989807129,1992,113.846153259277,0.874458014965057,1984,119.038291931152,0.72620701789856,1981,110
0.834227025508881,2007,102.728134155273,1.0108300447464,2013,115,1.09145295619965,1998,121.345985412598,0.719811022281647,1966,108.666664123535
0.817737996578217,1977,101.516006469727,0.969883978366852,2017,114.423080444336,0.861020028591156,1977,120.192138671875,0.73030298948288,1971,111.333335876465
0.822618007659912,2011,103.334190368652,0.806850016117096,1996,111.538459777832,0.811434984207153,1975,117.307525634766,0.756859004497528,1988,112
0.85734897851944,2019,102.728134155273,0.733039975166321,1986,110.961540222168,1.01595103740692,1985,119.038291931152,0.747546017169952,1988,111.333335876465
0.804199993610382,2010,102.728134155273,0.715209007263184,1989,110.384613037109,1.02022302150726,1975,121.345985412598,0.73210197687149,1962,110
0.8386510014534,1995,102.1220703125,0.760074019432068,1995,110.961540222168,0.823094010353088,1968,117.88444519043,0.744480013847351,1964,110
0.834306001663208,2018,103.334190368652,0.851091980934143,2014,112.692306518555,0.776862025260925,1970,117.88444519043,0.779958009719849,1989,109.333335876465
0.819226980209351,2014,103.334190368652,0.995343029499054,2015,112.692306518555,0.787288010120392,1977,119.038291931152,0.754778027534485,1982,110.666664123535
0.837643980979919,1984,103.334190368652,0.97851699590683,2008,112.692306518555,1.01798403263092,1989,120.192138671875,0.73232501745224,1962,106
0.855259001255035,2009,104.546310424805,0.802676975727081,1994,111.538459777832,1.008180975914,1983,121.922912597656,0.728657007217407,1960,110.666664123535
0.885676980018616,2014,103.940254211426,0.739728987216949,1977,109.230766296387,0.834290981292725,1966,118.461372375488,0.748286008834839,1980,108
0.778810977935791,2012,102.728134155273,0.716463029384613,1974,109.230766296387,0.77311497926712,1979,118.461372375488,0.742730975151062,1994,110
0.772418022155762,1975,102.728134155273,0.73201197385788,1978,110.961540222168,0.839304983615875,1987,118.461372375488,0.721596002578735,1970,108
0.783290982246399,2003,103.334190368652,0.783796012401581,1971,111.538459777832,0.903796017169952,1994,121.345985412598,0.723904013633728,1963,107.333335876465
0.877120971679688,2005,103.940254211426,0.937099993228912,1969,111.538459777832,0.860737025737762,1987,120.769065856934,0.742856979370117,1987,111.333335876465
0.838172972202301,1991,103.940254211426,0.998866021633148,1993,112.692306518555,0.810871005058289,1994,118.461372375488,0.741801023483276,1997,108.666664123535
0.819191992282867,1961,103.940254211426,1.0016850233078,2008,112.692306518555,0.935669004917145,2006,120.192138671875,0.71545797586441,1969,108.666664123535
0.892543017864227,2005,105.152374267578,0.787109971046448,1992,110.384613037109,1.05347096920013,1998,121.922912597656,0.711753010749817,1957,107.333335876465
0.905200004577637,2016,104.546310424805,0.743829011917114,1983,109.807693481445,0.868131995201111,1989,120.769065856934,0.727566003799438,1966,110
0.827207028865814,2008,103.940254211426,0.731419026851654,1988,113.269233703613,0.792816996574402,1990,117.307525634766,0.752125024795532,1992,110.666664123535
0.772063970565796,1983,103.334190368652,0.760397970676422,1986,110.961540222168,0.763529002666473,1998,119.038291931152,0.752560019493103,1991,110
0.795140027999878,1993,103.334190368652,0.855944991111755,1987,112.692306518555,0.882723987102509,2004,120.192138671875,0.735659003257751,1963,108.666664123535
0.865603029727936,2010,105.152374267578,0.963205993175507,2008,113.269233703613,1.05663394927979,1992,122.49983215332,0.767826020717621,1975,108.666664123535
0.842621028423309,2010,105.152374267578,0.979578971862793,2015,112.115386962891,0.830821990966797,1982,120.192138671875,0.759280025959015,1994,110
0.806693971157074,1987,103.940254211426,0.793549001216888,1998,109.807693481445,0.785651981830597,1994,119.038291931152,0.739708006381989,1987,107.333335876465
0.902903974056244,2006,105.152374267578,0.739498972892761,1984,108.653846740723,0.867145001888275,2000,120.192138671875,0.7171990275383,1962,106.666664123535
0.979339003562927,2025,105.758438110352,0.729215979576111,1983,110.384613037109,1.07648396492004,2008,122.49983215332,0.700466990470886,1957,107.333335876465
0.880137979984283,2010,103.940254211426,0.755420982837677,1990,110.384613037109,0.98464298248291,2003,121.345985412598,0.715472996234894,1964,108.666664123535
0.915440022945404,1997,103.940254211426,0.942730009555817,1984,112.115386962891,0.810505986213684,1992,117.88444519043,0.741119027137756,1987,110
0.904253005981445,2009,103.940254211426,0.9723100066185,2005,113.846153259277,0.773422002792358,1991,117.88444519043,0.734681010246277,1994,110
0.820074021816254,1993,102.728134155273,0.964383006095886,2002,112.692306518555,0.851895987987518,1987,119.615219116211,0.723487019538879,1965,107.333335876465
0.844690978527069,1980,102.728134155273,0.788680016994476,1989,109.807693481445,1.02015697956085,2003,121.922912597656,0.727971017360687,1955,108.666664123535
0.880770981311798,2008,102.728134155273,0.736199975013733,1977,109.230766296387,0.858703017234802,1991,120.192138671875,0.76130998134613,1984,111.333335876465
0.807539999485016,2001,102.1220703125,0.731938004493713,1984,109.230766296387,0.816765010356903,1999,118.461372375488,0.742245018482208,1994,110.666664123535
0.81224000453949,1963,101.516006469727,0.74225902557373,1981,111.538459777832,0.935277998447418,2003,118.461372375488,0.737553000450134,1966,107.333335876465
0.835963010787964,1985,102.1220703125,0.817364990711212,1985,112.115386962891,0.952340006828308,1999,121.922912597656,0.718815982341766,1963,108.666664123535
0.847688019275665,1986,102.728134155273,1.02000200748444,1993,112.692306518555,0.92755800485611,1988,119.038291931152,0.744466006755829,1966,108.666664123535
0.76452898979187,1973,101.516006469727,1.03509199619293,2004,112.115386962891,0.79544597864151,1986,117.88444519043,0.80016702413559,1995,110.666664123535
0.778743982315063,1966,101.516006469727,0.900952994823456,2017,110.961540222168,0.773141980171204,1994,118.461372375488,0.759590029716492,1982,109.333335876465
0.763833999633789,2000,106.36449432373,0.755258977413177,1976,108.076919555664,0.863537013530731,2008,120.192138671875,0.748410999774933,1966,108
0.76113897562027,2009,104.546310424805,0.721026003360748,1969,109.230766296387,0.985140025615692,1997,121.345985412598,0.767039000988007,1987,109.333335876465
0.730800986289978,1981,104.546310424805,0.728577017784119,1969,110.384613037109,0.83005702495575,1977,120.192138671875,0.759606003761292,2003,110
0.778775990009308,1969,106.36449432373,0.817578017711639,1967,110.961540222168,0.801169991493225,1982,119.038291931152,0.726155996322632,1977,107.333335876465
0.754572987556458,1994,106.970558166504,1.00785303115845,2004,112.115386962891,0.91396301984787,1993,119.038291931152,0.694864988327026,1980,108
0.710851013660431,1991,107.576622009277,0.973067998886108,2007,112.692306518555,1.01712596416473,1985,121.922912597656,0.664869010448456,1983,107.333335876465
0.736892998218536,2000,106.970558166504,0.843930006027222,1998,110.961540222168,0.936251997947693,1978,119.615219116211,0.688062012195587,1986,108
0.754333019256592,1971,106.36449432373,0.751541018486023,1954,108.076919555664,0.807529985904694,1973,117.307525634766,0.752252995967865,1989,110.666664123535
0.792351007461548,2000,108.182678222656,0.725462973117828,1946,109.807693481445,0.777292013168335,1984,119.038291931152,0.851481020450592,2021,112
0.951592028141022,2020,108.182678222656,0.728676021099091,1948.25,109.807693481445,0.856311976909637,1992,120.769065856934,0.802572011947632,2008,110
0.942252993583679,2014,107.576622009277,0.751130998134613,1950.5,110.961540222168,0.964326977729797,1979,120.769065856934,0.764648020267487,1991,107.333335876465
0.829563975334167,1998,106.36449432373,0.838871002197266,1952.75,112.115386962891,0.827679991722107,1966,119.615219116211,0.820218980312347,2014,110
0.797955989837646,1970,105.152374267578,0.985315024852753,1955,113.269233703613,0.787719011306763,1974,118.461372375488,0.819368004798889,2032,110.666664123535
0.808560013771057,2006,105.152374267578,1.00246298313141,1991,113.269233703613,0.82013201713562,1991,120.192138671875,0.769843995571136,1997,108.666664123535
0.850376009941101,2020,105.152374267578,0.789601027965546,1959,110.384613037109,0.8940150141716,2008,121.345985412598,0.77190899848938,2005,110
0.809194028377533,2026,105.758438110352,0.742569029331207,1951,109.230766296387,0.945935010910034,2008,121.922912597656,0.7309809923172,1993,108
0.751919984817505,1991,103.940254211426,0.736377000808716,1956,110.961540222168,0.819495975971222,1991,119.038291931152,0.699935019016266,1996,106
0.809732019901276,1987,106.36449432373,0.76326197385788,1949,110.961540222168,0.799686014652252,1984,119.615219116211,0.700818002223969,1990,106.666664123535
0.860432028770447,2009,106.36449432373,0.86012202501297,1944,112.115386962891,0.952166020870209,1985,120.769065856934,0.732547998428345,2006,109.333335876465
0.920593023300171,2007,105.758438110352,1.0008989572525,1976,113.269233703613,1.01891005039215,1970,121.345985412598,0.738649010658264,2014,110
0.835032999515533,2001,105.152374267578,0.987187027931213,2007,112.692306518555,0.818340003490448,1966,120.192138671875,0.716361999511719,1980,109.333335876465
0.795727014541626,1978,105.758438110352,0.801176011562347,1987,110.961540222168,0.767566025257111,1979,118.461372375488,0.715023994445801,1983,109.333335876465
0.831849992275238,2018,105.152374267578,0.74322497844696,1966,109.230766296387,0.835241973400116,1990,119.038291931152,0.732221007347107,1998,110.666664123535
0.878666996955872,2028,106.970558166504,0.729088008403778,1967,109.807693481445,0.976813971996307,1988,121.922912597656,0.70803302526474,2015,109.333335876465
0.850206971168518,2022,105.758438110352,0.750200986862183,1977,110.384613037109,0.94048398733139,1984,120.192138671875,0.67781400680542,2008,109.333335876465
0.813587009906769,1987,105.758438110352,0.869822025299072,1983,111.538459777832,0.830308973789215,1982,118.461372375488,0.694346010684967,2016,108
0.840465009212494,2007,106.36449432373,0.988334000110626,2005,116.730766296387,0.813409984111786,1991,120.192138671875,0.700688004493713,1993,108
0.941869974136353,2013,106.36449432373,0.964061975479126,2005,113.846153259277,0.874148011207581,2001,120.769065856934,0.69581401348114,1978,107.333335876465
0.843828976154327,2010,105.758438110352,0.770896971225739,1968,109.230766296387,0.972018003463745,1989,120.769065856934,0.715758979320526,1975,108
0.899761021137238,2003,105.152374267578,0.724183976650238,1960,109.230766296387,0.832850992679596,1979,119.038291931152,0.761141002178192,1988,108.666664123535
0.954861998558044,2032,105.758438110352,0.732846975326538,1959,110.384613037109,0.792806029319763,1990,118.461372375488,0.862623989582062,2005,110
0.926873028278351,2021,106.970558166504,0.75822901725769,1959,110.384613037109,0.84707897901535,1998,120.769065856934,0.847850024700165,2006,110
0.866779983043671,1975,103.940254211426,0.879882991313934,1956,112.115386962891,0.939203023910522,1995,121.345985412598,0.760951995849609,1985,105.333335876465
0.904799997806549,1989,105.152374267578,0.985516011714935,1993,114.423080444336,0.897794008255005,1988,121.345985412598,0.711596012115479,1971,103.333335876465
0.919454991817474,2005,106.36449432373,0.97163599729538,2008,113.269233703613,0.772312998771667,1984,117.88444519043,0.700120985507965,1967,104
0.816457986831665,2003,105.758438110352,0.811012029647827,2000,110.384613037109,0.758871972560883,1999,119.038291931152,0.72425502538681,1982,106.666664123535
0.835979998111725,1977,105.758438110352,0.731747984886169,1975,109.230766296387,0.854703009128571,2014,120.769065856934,0.754805982112885,2002,108
0.875563025474548,2009,106.970558166504,0.709819972515106,1967,109.807693481445,0.985876977443695,2005,123.076751708984,0.729071974754333,1976,108
0.941621005535126,2010,106.970558166504,0.719240009784698,1967,110.961540222168,0.868332982063293,1984,121.345985412598,0.724920988082886,1961,108
0.835965991020203,1993,106.36449432373,0.756267011165619,1962,111.538459777832,0.790942013263702,1984,119.615219116211,0.734685003757477,1988,108
0.879303991794586,1967,105.758438110352,0.916074991226196,1957,112.115386962891,0.784250974655151,1982,120.769065856934,0.744929015636444,2003,108.666664123535
0.886817991733551,2005,106.970558166504,1.01575803756714,1988,114.423080444336,0.963284015655518,1995,122.49983215332,0.731873989105225,1981,106.666664123535
0.894325971603394,2018,106.36449432373,1.02085995674133,2008,112.692306518555,1.02412605285645,1997,123.076751708984,0.72340202331543,1962,107.333335876465
0.825893998146057,2004,105.152374267578,0.835479974746704,1979,109.807693481445,0.81343001127243,1983,119.038291931152,0.732442021369934,1967,108
0.810330986976624,1967,105.152374267578,0.763805985450745,1967,109.807693481445,0.790153980255127,1985,119.038291931152,0.767687022686005,2005,109.333335876465
0.850386023521423,1998,106.36449432373,0.755964994430542,1978,110.384613037109,0.980751991271973,1995,121.345985412598,0.731792986392975,2003,108.666664123535
0.891743004322052,2006,106.970558166504,0.77928501367569,1981,111.538459777832,1.06404197216034,1981,120.769065856934,0.719120025634766,1976,106
0.818974018096924,1997,106.970558166504,0.862576007843018,1996,112.115386962891,0.836084008216858,1975,119.615219116211,0.757736027240753,1980,107.333335876465
0.814683020114899,1975,104.546310424805,0.936302006244659,2013,112.692306518555,0.792765021324158,1983,116.730598449707,0.767965018749237,2015,110
0.889567017555237,2020,107.576622009277,0.870406985282898,2015,112.692306518555,1.02212703227997,2001,119.038291931152,0.753807008266449,2013,108.666664123535
0.982345998287201,2023,106.970558166504,0.774173974990845,1999,110.384613037109,0.945492029190063,2002,121.345985412598,0.714621007442474,1990,108
0.862564027309418,2002,104.546310424805,0.749336004257202,1992,110.961540222168,0.815904974937439,1993,119.038291931152,0.690761983394623,1977,108.666664123535
0.835440993309021,1968,105.152374267578,0.75840300321579,1998,109.807693481445,0.784654021263123,1985,117.88444519043,0.708315014839172,1979,108
0.873856008052826,1999,106.36449432373,0.833217978477478,2003,111.538459777832,0.835538983345032,1999,119.615219116211,0.724008977413177,2018,110.666664123535
0.909648001194,2005,105.152374267578,1.02393794059753,2013,115,1.08275496959686,2003,121.345985412598,0.71111398935318,2005,109.333335876465
0.836705982685089,1998,107.576622009277,1.04770600795746,2025,113.269233703613,0.993377983570099,1999,121.345985412598,0.716403007507324,1990,108.666664123535
0.840659022331238,1975,103.940254211426,0.979417026042938,2016,112.115386962891,0.826937973499298,1991,118.461372375488,0.767728984355927,2007,111.333335876465
0.926485002040863,2010,105.152374267578,0.785896003246307,1989,109.230766296387,0.808556973934174,1998,118.461372375488,0.803779006004333,2024,112
0.931933999061584,2013,105.152374267578,0.751667976379395,1976,108.653846740723,1.03198802471161,2009,120.769065856934,0.760510981082916,1999,110
0.912729024887085,1973,102.728134155273,0.748166024684906,1977,111.538459777832,1.06323599815369,1996,121.922912597656,0.733112990856171,1985,108.666664123535
0.903594017028809,2001,105.152374267578,0.774780988693237,1981,112.115386962891,0.863907992839813,1982,119.038291931152,0.758697986602783,1992,110.666664123535
0.81845098733902,1998,103.334190368652,0.928092002868652,1977,112.115386962891,0.883625984191895,1987,117.88444519043,0.756614983081818,2025,110.666664123535
0.769088983535767,1965,102.728134155273,1.03305399417877,1984,113.846153259277,1.05357396602631,1993,120.192138671875,0.72351998090744,2015,111.333335876465
0.816846013069153,1984,103.334190368652,0.999797999858856,1987,112.115386962891,1.01158702373505,1988,120.192138671875,0.715149998664856,1987,107.333335876465
0.991756021976471,2008,105.758438110352,0.800148010253906,1971,110.384613037109,0.839187026023865,1977,118.461372375488,0.728255987167358,1988,109.333335876465
1.02154803276062,2004,104.546310424805,0.759374976158142,1958,108.076919555664,0.804629981517792,1978,117.88444519043,0.73685497045517,2017,110.666664123535
0.949068009853363,1994,104.546310424805,0.763888001441956,1955,109.807693481445,0.842692971229553,1985,118.461372375488,0.730987012386322,2017,110
0.826286017894745,1980,102.1220703125,0.79592502117157,1954,110.961540222168,1.0684289932251,1989,120.769065856934,0.72408002614975,1984,107.333335876465
0.792613983154297,1955,102.1220703125,1.00808799266815,1963,112.692306518555,0.993497014045715,1990,120.769065856934,0.720762014389038,1972,108.666664123535
0.807276010513306,1985,103.334190368652,1.01506495475769,1976,115,0.926594018936157,1989,118.461372375488,0.760991990566254,1983,110.666664123535
0.821395993232727,2007,105.758438110352,0.996241986751556,1986,112.115386962891,1.00126194953918,2002,120.192138671875,0.787751019001007,2003,112
0.845759987831116,2009,103.940254211426,0.81732702255249,1982,111.538459777832,0.93612802028656,1997,120.769065856934,0.755213022232056,1988,109.333335876465
0.828263998031616,1989,104.546310424805,0.748145997524261,1963,109.807693481445,0.823484003543854,1986,117.307525634766,0.739593029022217,1965,107.333335876465
0.822009980678558,1969,105.152374267578,0.734326004981995,1967,110.961540222168,0.854920029640198,1997,119.615219116211,0.768751978874207,1979,109.333335876465
0.875056028366089,1998,105.758438110352,0.744881987571716,1974,110.961540222168,0.978407979011536,1994,121.345985412598,0.790688991546631,2004,110.666664123535
0.931550025939941,2009,106.970558166504,0.83542799949646,1974,112.692306518555,0.811425983905792,1984,119.615219116211,0.756157994270325,1989,108
0.832660019397736,2020,106.36449432373,1.04111897945404,1990,114.423080444336,0.814154982566833,1994,118.461372375488,0.725952982902527,1963,108
0.777185022830963,1989,104.546310424805,1.01840794086456,2005,113.846153259277,1.00874602794647,2006,121.922912597656,0.754275023937225,1967,108
0.815621972084045,2007,105.152374267578,0.957229018211365,2011,113.846153259277,1.03630995750427,2000,121.345985412598,0.760612010955811,1997,110.666664123535
0.843177974224091,2016,105.758438110352,0.948279976844788,2013,112.115386962891,0.840162992477417,1985,119.615219116211,0.755765020847321,1995,110
0.866936981678009,2012,106.36449432373,0.834850013256073,2016,111.538459777832,0.808476984500885,1988,119.615219116211,0.743449985980988,1964,108
0.831228017807007,1972,104.546310424805,0.756902992725372,1995,110.961540222168,0.916245996952057,2001,121.345985412598,0.765377998352051,1972,108
0.854465007781982,1995,106.970558166504,0.731064975261688,1978,112.115386962891,1.05124497413635,1997,121.922912597656,0.798346996307373,1997,112
0.909606993198395,2016,106.36449432373,0.735759019851685,1982,113.269233703613,0.887875020503998,1987,120.769065856934,0.773693025112152,1989,110.666664123535
0.844318985939026,2020,105.758438110352,0.772156000137329,1979,113.269233703613,0.773198008537292,1966,117.88444519043,0.766828000545502,1965,108
0.798021972179413,1988,104.546310424805,0.884643971920013,1974,113.846153259277,0.763978004455566,1967,118.461372375488,0.791521012783051,1971,110
0.842696011066437,2001,104.546310424805,0.99217700958252,1987,115,0.943288028240204,1965.75,120.769065856934,0.803184986114502,1993,110.666664123535
0.851319015026093,2013,105.152374267578,1.00342202186584,2001,114.423080444336,1.00352299213409,1966.8125,123.653678894043,0.777935028076172,1991,108
0.785564005374908,1997,105.758438110352,0.985204994678497,2001,113.269233703613,0.815580010414124,1967.875,120.769065856934,0.75688898563385,1960,107.333335876465
0.797430992126465,1973,103.940254211426,0.860005021095276,1997,112.115386962891,0.79960298538208,1968.9375,119.615219116211,0.747213006019592,1959,108.666664123535
0.814490973949432,2011,105.152374267578,0.76808500289917,1958,109.807693481445,0.780075013637543,1970,120.769065856934,0.794996023178101,1979,108
0.901630997657776,2024,105.152374267578,0.739053010940552,1942,110.961540222168,0.941422998905182,1980,121.345985412598,0.789819002151489,1987,110
0.804841995239258,2008,106.36449432373,0.751635015010834,1943,112.692306518555,0.959535002708435,1973,123.076751708984,0.755362987518311,1963,107.333335876465
0.827718019485474,1981,103.334190368652,0.780891001224518,1946,113.846153259277,0.796920001506805,1964,120.192138671875,0.750537991523743,1957,108
0.893281996250153,2009,105.758438110352,0.878196001052856,1948,113.269233703613,0.766901016235352,1976,121.345985412598,0.77540397644043,1978,109.333335876465
0.890371024608612,2011,104.546310424805,1.02081000804901,1968,115,0.844043016433716,1994,120.769065856934,0.770346999168396,1991,108.666664123535
0.880630016326904,1977,103.334190368652,1.04442298412323,2007,115,1.06059503555298,1999,123.076751708984,0.750559985637665,1963,106.666664123535
0.948332011699677,2009,103.940254211426,1.05654203891754,2002,113.846153259277,0.84832102060318,1999,120.769065856934,0.733698010444641,1954,108
0.955238997936249,2023,104.546310424805,0.831309974193573,1998,112.692306518555,0.795244991779327,2007,119.038291931152,0.762399971485138,1976,108
0.892781019210815,1996,102.728134155273,0.753274023532867,1964,110.961540222168,0.871971011161804,2006,120.192138671875,0.776162028312683,1991,110.666664123535
0.943374991416931,2005,102.728134155273,0.742983996868134,1960,112.115386962891,1.03629100322723,2005,122.49983215332,0.760366022586823,1989,110.666664123535
0.907850027084351,2007,102.1220703125,0.772419989109039,1961,113.269233703613,0.89213901758194,1989,121.345985412598,0.740217983722687,1975,108
0.806798994541168,1987,100.909950256348,0.963642001152039,1964,115,0.77249002456665,1982,119.038291931152,0.771462023258209,1973,108.666664123535
